Линейный штраф (gap = -4)
      -     A     T     A     T     A     T
-     0    -4    -8   -12   -16   -20   -24
A    -4     3    -1    -5    -9   -13   -17
T    -8    -1     6     2    -2    -6   -10
G   -12    -5     2     3    -1    -5    -9
C   -16    -9    -2    -1     0    -4    -8
A   -20   -13    -6     1    -3     3    -1
G   -24   -17   -10    -3    -2    -1     0
C   -28   -21   -14    -7    -6    -5    -4
A   -32   -25   -18   -11   -10    -3    -7
G   -36   -29   -22   -15   -14    -7    -6
C   -40   -33   -26   -19   -18   -11   -10
A   -44   -37   -30   -23   -22   -15   -14
G   -48   -41   -34   -27   -26   -19   -18
C   -52   -45   -38   -31   -30   -23   -22
C   -56   -49   -42   -35   -34   -27   -26
A   -60   -53   -46   -39   -38   -31   -30
Score = -30
X: ATGCAGCAGCAGCCA
Y: AT-----A-TA---T

Аффинный штраф (open = -10, extend = -1)
      -     A     T     A     T     A     T
-     0   -10   -11   -12   -13   -14   -15
A   -10     3    -7    -8    -9   -10   -11
T   -11    -7     6    -4    -5    -6    -7
G   -12    -8    -4     3    -7    -8    -9
C   -13    -9    -5    -7     0   -10   -11
A   -14   -10    -6    -2   -10     3    -7
G   -15   -11    -7    -9    -5    -7     0
C   -16   -12    -8   -10   -12    -8   -10
A   -17   -13    -9    -5   -13    -9   -11
G   -18   -14   -10   -12    -8   -10   -12
C   -19   -15   -11   -13   -15   -11   -13
A   -20   -16   -12    -8   -16   -12   -14
G   -21   -17   -13   -15   -11   -13   -15
C   -22   -18   -14   -16   -18   -14   -16
C   -23   -19   -15   -17   -19   -15   -17
A   -24   -20   -16   -12   -20   -16   -18
Score = -18
X: ATGCAGCAGCAGCCA
Y: ATATA---------T

В аффинной модели явно видно, что это не просто случайное совпадение, а действительно части последовательностей гомологичны.